# https://htmlcolorcodes.com/
rows <- 16
alpha_section <- 360/rows
# c_colors <- c("#DC7633", "#E59866", "#EB984E", "#F0B27A", "#F5B041", "#F8C471", "#F1C40F", "#F7DC6F")
c_colors <- c("#DC7633", "#DC7633", "#F1948A", "#F1948A", "#F5B041", "#F5B041", "#F9E79F", "#F9E79F")
c_colors_line <- c("#000000", "#A93226", "#D68910", "#B7950B")